time,x_left_wrist,y_left_wrist,z_left_wrist,x_right_wrist,y_right_wrist,z_right_wrist,scale_factor,x_right_thumb_tip_relative,y_right_thumb_tip_relative,z_right_thumb_tip_relative,x_left_thumb_tip_relative,y_left_thumb_tip_relative,z_left_thumb_tip_relative,x_right_index_finger_tip_relative,y_right_index_finger_tip_relative,z_right_index_finger_tip_relative,x_left_index_finger_tip_relative,y_left_index_finger_tip_relative,z_left_index_finger_tip_relative,x_right_middle_finger_tip_relative,y_right_middle_finger_tip_relative,z_right_middle_finger_tip_relative,x_left_middle_finger_tip_relative,y_left_middle_finger_tip_relative,z_left_middle_finger_tip_relative,x_right_ring_finger_tip_relative,y_right_ring_finger_tip_relative,z_right_ring_finger_tip_relative,x_left_ring_finger_tip_relative,y_left_ring_finger_tip_relative,z_left_ring_finger_tip_relative,x_right_pinky_finger_tip_relative,y_right_pinky_finger_tip_relative,z_right_pinky_finger_tip_relative,x_left_pinky_finger_tip_relative,y_left_pinky_finger_tip_relative,z_left_pinky_finger_tip_relative,File,Speaker,comparison_id
609740.0,0.4222155948949692,-0.5442875966497531,0.1217409133224385,-0.1797926538290859,0.8116146030154343,0.1217408794181973,2.614714620266611,0.075440929836842,0.1273299074518769,-0.004415082133484807,-0.0807284689198503,-0.17062894508922843,0.003949811483511395,0.09668229513455161,0.15795317029066613,-0.008382351142685207,-0.07733186000905296,-0.16594743583487892,0.0031364173651212968,0.15083828971032692,0.14154531649098412,-0.0111181591823932,-0.0534079842473732,-0.15330225215311044,0.00795525164949551,0.1405708117270103,0.07753664327794918,-0.012582440833511205,-0.0351414456491822,-0.1387955840843884,0.01206397071211529,0.1508367605782652,0.056298902715176236,-0.007296516879296305,-0.01853492220551728,-0.12452089361576224,0.01804543010740009,019_a,A,852
609760.0,0.4343452225322366,-0.5398769140601662,0.1211356962901298,-0.1807415330283666,0.8219332557680008,0.1211356933240343,2.614714620266611,0.0762453574549988,0.12650851997457957,-0.004235652648483107,-0.07462926372408224,-0.164841173114735,0.005208026002505001,0.0987721717049474,0.16149714138803484,-0.008660676995997804,-0.07225156493432422,-0.1609517851996447,0.004253048847525198,0.1524190816215909,0.1452900694505448,-0.011440724872736396,-0.04869274098827764,-0.14767753401384542,0.008303601180238401,0.140057631016832,0.07779702628131513,-0.012949111075863204,-0.030514640670683546,-0.13287961372048906,0.011909436850689514,0.1511566900356524,0.05699692871114892,-0.007210399898961398,-0.014606967342464305,-0.11826907493667216,0.0177592596226471,019_a,A,852
609780.0,0.4433981981592134,-0.5328053013226497,0.1210846522308056,-0.1813062381578609,0.8319053943495045,0.1210846845726077,2.614714620266611,0.0752073598308899,0.1281086089115243,-0.00393782722956329,-0.07129411339982789,-0.15916848107586157,0.005569777660383399,0.1000576593665758,0.1693668634204486,-0.008878817209751297,-0.0696031878018803,-0.15502788023106495,0.0042082427769519065,0.1536385703919917,0.1534192461129409,-0.011841583633928301,-0.046138254091587394,-0.14175233023990685,0.007851543210816395,0.1382420189501059,0.08056474327292151,-0.013216018946995298,-0.027823505970367868,-0.12680591802334318,0.011286984289784599,0.1507189534783902,0.06035722903760987,-0.006996204644462697,-0.012210787570448911,-0.11217874116115256,0.017028636468050293,019_a,A,852
609800.0,0.4499064157736833,-0.5247573369653387,0.1224981234452627,-0.1815856851377151,0.841160429039352,0.122498190008433,2.614714620266611,0.07242687437362451,0.1316479928901937,-0.003765601926680892,-0.07004678046342466,-0.15439314630085121,0.00490564897102469,0.10058460411447241,0.18042958405274145,-0.009219488076759791,-0.06952661307944258,-0.14997161685138272,0.0030697795644231973,0.1546035704441439,0.16485752574543255,-0.012424816666234892,-0.046555556273031706,-0.13735731878226698,0.006783000180679288,0.1352505753670575,0.0850472396769496,-0.013355195397979996,-0.028493629547795885,-0.12257872697162364,0.010250046506973698,0.1494015096047998,0.0654802738004433,-0.006787874505384692,-0.012919206285392504,-0.10844823330023168,0.0159742743825545,019_a,A,852
609820.0,0.4546074160262389,-0.5164563230604946,0.1255209408898231,-0.1817626126968395,0.8495809463468914,0.125521036249229,2.614714620266611,0.068745430899746,0.13566717367427217,-0.004062428638859694,-0.06991858341304258,-0.15088836417144424,0.0033445919661619083,0.10069628586151999,0.1925551728987761,-0.010004179087959697,-0.07153541688794318,-0.1469520532801729,0.0011933372898255967,0.1554599271930953,0.1774676579931017,-0.013407373273712497,-0.05004416248108057,-0.1355481204235085,0.0054406529672917925,0.1317932287434051,0.09001837830948056,-0.013498861207586407,-0.03307438647941768,-0.12142288856662287,0.009008187091650799,0.14738579374864869,0.07100862962791621,-0.006775794204374408,-0.017614490692781204,-0.1083848231350295,0.014884830953950712,019_a,A,852
609840.0,0.4581443588389701,-0.5080022059446787,0.1294177957581493,-0.1819383366147041,0.8570886617493103,0.1294179116765711,2.614714620266611,0.0653011894010898,0.13875332349081693,-0.004955956683429907,-0.06985454761581039,-0.14876680031079337,0.001288080439897893,0.1006262319936586,0.20347916044945724,-0.011369723394301395,-0.07440699984663557,-0.14609665824905926,-0.000806111893088185,0.1562822920684184,0.1889907980103216,-0.0148647084693488,-0.05561487035772611,-0.13615176376691274,0.004259602130255696,0.1288150441858499,0.09444127742888686,-0.013772465865754396,-0.04072903947779788,-0.12314020489176514,0.0078840625636038,0.1451131687226462,0.07580827907753451,-0.007013318645006497,-0.02584012376004169,-0.11158432270377938,0.014133112333085313,019_a,A,852
609860.0,0.4608248378992958,-0.4996051230574323,0.1330192317838742,-0.1821107396037603,0.8634033403027659,0.1330193582932535,2.614714620266611,0.06306354802669711,0.14037849554480086,-0.006150021740250311,-0.0688796133785014,-0.14784111974374925,-0.0007412765968292934,0.10053038850662611,0.2117098253361267,-0.013012235911503106,-0.07660900449935287,-0.14667939873839497,-0.0022943558358428096,0.1571730476903339,0.19788943986536456,-0.01652784300445731,-0.06155388489676228,-0.13805888111021325,0.0036160600381859864,0.12695709678601522,0.09777017706576474,-0.014112940490238007,-0.049567535479880964,-0.12635580689233628,0.0071692525341846,0.14310319293533252,0.07931389482855689,-0.007355815112243508,-0.03589590414016708,-0.11619210689356718,0.013993896217970286,019_a,A,852
609880.0,0.4626355540547228,-0.4919227449485341,0.1353990292672752,-0.1822552262147054,0.8680169195382694,0.1353991556286412,2.614714620266611,0.062499689110364215,0.1409184422596481,-0.0071087532890816985,-0.06632544113825428,-0.1476287144451121,-0.0023510273382379987,0.10065992990687651,0.21673912481256474,-0.014321075447118484,-0.07692924276154117,-0.1477237684065425,-0.0029398765920703174,0.15830494251909422,0.20341468423310438,-0.017898888350485087,-0.06611525675999191,-0.13995086013032948,0.003646024303511103,0.1262982735609488,0.09981563379292413,-0.014317956370971288,-0.05738793635702771,-0.12937877774892043,0.006970411971622986,0.14180204961172851,0.08138322729586933,-0.007630791422701594,-0.04545302962496256,-0.12002838441170877,0.014478638299259605,019_a,A,852
609900.0,0.4635223693612719,-0.4857387677303215,0.1362287627919859,-0.1823694413646792,0.8704429075165102,0.1362288783743704,2.614714620266611,0.0634913017459766,0.14094297913612797,-0.00748258813748609,-0.06217035496179096,-0.1476093066310607,-0.0034091133370194038,0.1012444036446148,0.2184231203101149,-0.014826799026007295,-0.07496152080551571,-0.14857322493670294,-0.0028352306306324015,0.15975013958743509,0.20502902756583297,-0.018593214656879492,-0.06813450864975928,-0.14104155120563272,0.00418872168461179,0.1266017714459547,0.10040226606766656,-0.014284654416482995,-0.06243083639457658,-0.13118869795749438,0.007177180598053501,0.1415079077969226,0.0818838680381182,-0.007841324498992303,-0.052410894303426214,-0.12191809815919591,0.01532520311823421,019_a,A,852
609920.0,0.4636654686820362,-0.4815139815501401,0.1356769152189083,-0.1824602449187911,0.8705229739410904,0.135677010056327,2.614714620266611,0.06555254659019259,0.14053363939147612,-0.007302281359326812,-0.05718275259196576,-0.14747819033983905,-0.003952017464376789,0.1023011232678301,0.21632886427947484,-0.014483564887359912,-0.07123882534695386,-0.1490804674996254,-0.0023475583833081903,0.1613137226931099,0.2019896347767277,-0.01852766932959081,-0.0673656929139434,-0.14139400520259754,0.004898616328444905,0.12775184036705728,0.09916159938419367,-0.01412122220171641,-0.06391176957002598,-0.13190600415882964,0.007549513705618599,0.1423114445428063,0.08040743741770362,-0.008145135107300722,-0.05562888804195265,-0.12228467675570937,0.016127335227847123,019_a,A,852
609940.0,0.4634590094314157,-0.4793045471238586,0.134182263900069,-0.1825570392725579,0.8685210976769254,0.1341823295841269,2.614714620266611,0.0681110723460437,0.139271638594631,-0.006765399366455205,-0.05257492142586251,-0.1471200490016642,-0.004033000492864786,0.1037638556533334,0.2098621716215444,-0.013512674472477004,-0.06689653881384472,-0.14937710231236156,-0.0018716532186929813,0.1626536497006966,0.1936714071795741,-0.017799769381135297,-0.06441846458591982,-0.14154828051082902,0.0054261100633481996,0.12990320668850058,0.09564212411993855,-0.013985831839684201,-0.062131100945874096,-0.13231128421674043,0.007834261395091024,0.1440673053249601,0.07637307949355299,-0.008641237741525504,-0.05513865350929159,-0.12242312187764348,0.016505276363588006,019_a,A,852
609960.0,0.463213147375127,-0.4789526970432924,0.1323522396035582,-0.1827349739230158,0.8650176041444961,0.1323522714847275,2.614714620266611,0.0705294090394627,0.136792134769665,-0.005950779141348395,-0.04941594200512606,-0.14646768980252173,-0.003684549056364922,0.1057771889693247,0.19906377349558513,-0.012083104457224603,-0.06303775208476886,-0.14953825737538212,-0.0016258682736218222,0.1636340773508805,0.18041304418656434,-0.0164927706127192,-0.06036533231814817,-0.14181076753231375,0.00558869035136908,0.1332320082890897,0.08962470571167025,-0.013876643174143097,-0.058161784554801255,-0.13286206696335429,0.007887744029044075,0.1464509143086287,0.06946154131613347,-0.009223638438928608,-0.051824357731867055,-0.12308845661669882,0.0162910010676261,019_a,A,852
609980.0,0.4629191056241267,-0.4802581469441562,0.1308627608653815,-0.1830396604078817,0.860824845383028,0.1308627608403305,2.614714620266611,0.07193534968019459,0.13332915897759567,-0.00479925890691299,-0.04829281947386638,-0.14548286373109992,-0.002977508489906716,0.1086384525435674,0.18524424801425987,-0.010223385147731592,-0.06029675854872352,-0.14946710316935136,-0.0015802994484418187,0.16451964515574719,0.1641190428340501,-0.01465126827047189,-0.05632529965121258,-0.14193985422294825,0.005449481868325001,0.1375575020910489,0.08142039871461082,-0.013628672910628789,-0.05338361507923828,-0.1332554573936427,0.007753324487982993,0.1490519501670669,0.06011069796089963,-0.009636174358795588,-0.04697418078441612,-0.12386647693084069,0.01563638532145989,019_a,A,852
610000.0,0.4623354502398709,-0.4830740024148965,0.1302352966834543,-0.1833559354567554,0.8569550378019671,0.1302352739991149,2.614714620266611,0.07123922475144401,0.1298754233505659,-0.0032882962075097,-0.04929226803655706,-0.1441844085652204,-0.002107999482630102,0.11224890050335491,0.17085565750826992,-0.007991355838358888,-0.058850796452394605,-0.1489105785944269,-0.001622144455498603,0.1656828565760896,0.1479922246400499,-0.012400414200519391,-0.05318082083167236,-0.14142473098402863,0.005177198892847096,0.1421698734937118,0.07208145853182324,-0.013087292767907793,-0.04905657733267821,-0.1328912508123481,0.007566316414567897,0.15144853347722262,0.04979175312052431,-0.009635057408657693,-0.04195442697997287,-0.12390622619330571,0.01486108394647101,019_a,A,852
610020.0,0.461277990895075,-0.4873475568331915,0.1306548381877479,-0.1834320330171984,0.8544519148929294,0.1306548063299482,2.614714620266611,0.0674770918408782,0.12792666785365758,-0.0015420164230778022,-0.052059904332760976,-0.14261140581218174,-0.0014303308630528866,0.11565016290834661,0.1587226470109947,-0.005642142655446297,-0.0586341894103401,-0.14747884335223255,-0.0018086648995550847,0.1670617776988487,0.13543871872558177,-0.010041333309641798,-0.051397435789690804,-0.13992448518061368,0.004795675787140297,0.1460866849753574,0.06344709332446907,-0.012262320888586087,-0.04600849905289078,-0.1315519404570305,0.007351302083400013,0.1533251439361842,0.04078681898370007,-0.009142036262664896,-0.03794646362665888,-0.12300279125023655,0.014137086282896005,019_a,A,852
610040.0,0.4598298974441894,-0.4930085618029887,0.1320428177077756,-0.1831127827791413,0.8540526232745558,0.1320427888046179,2.614714620266611,0.06033417593989891,0.1289024307922234,0.00020868396446019344,-0.05590026014440691,-0.14081909456409614,-0.0013147469899330855,0.11739901480615231,0.15119517605365962,-0.003593723031106305,-0.059497545862552015,-0.14489025391623267,-0.0023531091696769035,0.1680604720230043,0.12886941635898463,-0.00801412730838559,-0.05104003059740908,-0.1375472509013611,0.004154045275076512,0.148584902546109,0.05773329006926342,-0.011337047471565193,-0.044596363126831684,-0.12963067878681622,0.006975891302423598,0.1546180174221163,0.03537078044086972,-0.00831617477118389,-0.035754830705485185,-0.12183902037026684,0.013379558377163703,019_a,A,852
610060.0,0.458338057138662,-0.4997210317606191,0.1342663606196771,-0.1825250343211356,0.8559211359955061,0.1342663416202185,2.614714620266611,0.050654219083367896,0.13342009366559693,0.00171990831205579,-0.06001185984163798,-0.1389997228771449,-0.0019037113185461918,0.11671660958352749,0.14966607628516515,-0.0022267826330021057,-0.061314562401206085,-0.14142325560988622,-0.0033459380733441846,0.1681282603721373,0.1291580316923513,-0.006752340619155112,-0.05204767389316228,-0.13489373458822174,0.0031657407374243995,0.1494880413143188,0.056601537520021505,-0.010552390206416198,-0.044967367938022695,-0.12787040097403368,0.006319970521699303,0.15548365532030678,0.03482904728785863,-0.007476972280206412,-0.03580110297988209,-0.12134967150647435,0.012454532043176314,019_a,A,852
610080.0,0.4572566466257268,-0.5067487123738319,0.13717052676802,-0.1819618630537789,0.85964348090896,0.1371705201826647,2.614714620266611,0.040489752416418306,0.1408726264859398,0.0027944119976170967,-0.06371593886829297,-0.1376110379234059,-0.003059176272658004,0.1142516665407472,0.1544705138266952,-0.0017042564823653017,-0.06396712207597871,-0.1379806783304871,-0.004631604604152295,0.1673224109804967,0.13587136445904313,-0.006529202357848707,-0.05438677813544818,-0.13274836686538993,0.0019640115184128004,0.1489501903483787,0.06035743827312512,-0.01006547256075152,-0.0471809670966149,-0.12685562239448434,0.005426630900602802,0.15604213981092369,0.03906131933390178,-0.006902569220254312,-0.03811615093232851,-0.12194141329484687,0.0114098669738599,019_a,A,852
610100.0,0.4569845647143273,-0.5130979204949346,0.14042490628062,-0.1815595077031465,0.864433405598536,0.1404249135191517,2.614714620266611,0.03224674799926519,0.1497685386486577,0.003318110131843882,-0.0665026736848972,-0.13732320649804786,-0.004568976143952186,0.1114923232335639,0.1648988605977083,-0.0019479234395826106,-0.06714186540723882,-0.13558309591237183,-0.0060085648392086966,0.16615023834240558,0.1477697314030647,-0.007382494859658695,-0.05777201322149539,-0.1316001137169871,0.0007692096232689016,0.1471257474489483,0.06802353820419882,-0.009865156886307208,-0.0508776185724224,-0.12663840849223718,0.0044716580118348,0.15617735996078488,0.04699596983506127,-0.006661924647731604,-0.04209432716390382,-0.12324316221450049,0.010475267784025522,019_a,A,852
610120.0,0.4578229252629613,-0.5178325488251869,0.1435213012157116,-0.1811079245500617,0.8694017911248664,0.1435213241425994,2.614714620266611,0.027428242968164485,0.15857396440313654,0.0033267346191844793,-0.06799926477332763,-0.13871816799747716,-0.006344489057318409,0.10947302461895539,0.17921262794522352,-0.0027281481190593038,-0.07023254422327774,-0.1349171740651789,-0.007447524003903805,0.1650189812227596,0.1631088762458861,-0.009111766399010901,-0.061413125058654316,-0.13153425415244335,-0.00032632000036100783,0.144195825819233,0.0780835758534616,-0.009769311336657704,-0.05502096426781161,-0.12692448288323277,0.0036219608295313954,0.1556466622823799,0.05723541412549127,-0.006602451787438818,-0.04640246175123941,-0.12463232300442595,0.009876283192558094,019_a,A,852
610140.0,0.4600376045572171,-0.5203829839307639,0.1459788425793554,-0.1801777842616528,0.8737774742825203,0.1459788817702486,2.614714620266611,0.026090792057503004,0.16626945859911701,0.0030837646455880996,-0.0680315685761883,-0.14190547502352446,-0.008392134059840184,0.10827062448089819,0.19491245753781394,-0.003727667590412903,-0.07260067713782059,-0.13630319814450775,-0.009050228872528987,0.16409696192539988,0.17975123104280122,-0.011292566487889705,-0.06432857161203431,-0.1325574478421312,-0.0013875089734474988,0.1406682509148306,0.08903190489758972,-0.009505497340265678,-0.058327639597104186,-0.12763675286591436,0.0029334796423142184,0.1544063196894416,0.06833049546171677,-0.00646718234083779,-0.04955824944334708,-0.12600094242635285,0.009665842840584304,019_a,A,852
610160.0,0.4638861916492133,-0.5206949943705319,0.1474125743153915,-0.1783936092843849,0.8769901757489847,0.1474126267085748,2.614714620266611,0.027220196143717817,0.17237661515610003,0.0030241754216346894,-0.0667222096331671,-0.14641104028382346,-0.010642443688571618,0.10760599964559131,0.20942181042563013,-0.00457778609204329,-0.07388718212427392,-0.13974085666787772,-0.010839778787767013,0.1636218374147108,0.19536421870844556,-0.013342535922661602,-0.06591282588851122,-0.13480830947267108,-0.002487767729277418,0.1374773988228203,0.09943860706943763,-0.008860264743858315,-0.06002791141819591,-0.129139589786067,0.002363452537445687,0.1528280906016697,0.07879243062156549,-0.006055979066747708,-0.05079755087933441,-0.12787920746972103,0.009712975137235902,019_a,A,852
610180.0,0.4695180233550067,-0.5191175730907263,0.147344138459654,-0.1755854616506916,0.8786195984737283,0.147344197376997,2.614714620266611,0.029314284959389814,0.1768406787490281,0.0034874028064907914,-0.0644480260390286,-0.15150472513703406,-0.012839596982395285,0.10748415929223631,0.22078914737310884,-0.004987090486652496,-0.0740021430706328,-0.14482735380649014,-0.012623399399263796,0.1640201343223937,0.2078001623669682,-0.014727380308994786,-0.06611911801108639,-0.13838304022510073,-0.003567970887185884,0.13561711216792732,0.10796729520105253,-0.007822478452234105,-0.06015154667882422,-0.1318739552791386,0.0018672679255400115,0.15155803765716772,0.0872565115046321,-0.0053522871862883015,-0.05035631681758318,-0.1308301482279428,0.009834964635219795,019_a,A,852
610200.0,0.4768334809804149,-0.5161274796192696,0.1451463788570215,-0.1717949499783411,0.8783550040134264,0.1451464362270338,2.614714620266611,0.030836129307798416,0.17989122932951374,0.004437302207666999,-0.0616276172914445,-0.1566637436681222,-0.014622168421813214,0.10810258336367601,0.22785524663680634,-0.004929112470742791,-0.072936006296006,-0.15076769763528075,-0.014060006852231494,0.1656009971515699,0.21544569772347277,-0.015225835816568,-0.06519852522700259,-0.14307079937360845,-0.004440388585001703,0.1355631680252733,0.11356818526631485,-0.0066222292638231095,-0.059176266224858276,-0.13588802982412318,0.0014812134710988911,0.15110658668784702,0.09275901352204607,-0.004551359649958786,-0.04896785545625998,-0.13489246514514264,0.009944631417382388,019_a,A,852
610220.0,0.4854701662977589,-0.5121339467320993,0.1404436975635041,-0.1672894177500122,0.8760869796933273,0.1404437459779109,2.614714620266611,0.030706427750076093,0.18167136857490962,0.005457955539990789,-0.0585014531237904,-0.16172536169144935,-0.015748865168040013,0.10942156558636798,0.2299198725882936,-0.004673966566728888,-0.0707238084484535,-0.15665069847497115,-0.014886404838704514,0.168222758578951,0.21728876013785148,-0.015011675205207797,-0.06340676797943662,-0.14832682443663003,-0.004930820991429802,0.1370389117661996,0.1155865529877309,-0.0056436274892439076,-0.05754140129446522,-0.14073550488936126,0.0013009043687187971,0.15155769312307998,0.0947609387087679,-0.003988802679903897,-0.047193283681575604,-0.13958590583074493,0.010085458322129287,019_a,A,852
610240.0,0.4949661058608438,-0.5074680258777127,0.1336818134579963,-0.162587546163894,0.8720507802925767,0.1336818465241202,2.614714620266611,0.02867282929467771,0.18187558196163434,0.006067296413610174,-0.0550871384227164,-0.16667091470308337,-0.016269287615753497,0.1110950757014556,0.22648893764239342,-0.004559197983325519,-0.06757049410723798,-0.16186973452282905,-0.015114734965967797,0.17128099186965262,0.21278349176638878,-0.014444238690615716,-0.06095440146369785,-0.15350561289198117,-0.005033164877982388,0.13933945583817062,0.11365402295190952,-0.005250256674496218,-0.05548258566976427,-0.14573580516859286,0.0013669551636145971,0.15262322833473782,0.09289519823172132,-0.003993659242012809,-0.04520711196219629,-0.14425971619319133,0.0103392737529239,019_a,A,852
610260.0,0.504973036014326,-0.5024563223743586,0.1261958574565979,-0.1583530234785778,0.8668452985534298,0.1261958693100484,2.614714620266611,0.025194808188373885,0.17993424943283065,0.006082964784952821,-0.05133180578336688,-0.17134086383187253,-0.016468568230932498,0.1128135182285103,0.21751373331845536,-0.004673130779069293,-0.06392757778653929,-0.16636193199266192,-0.015024026602979593,0.173975766865124,0.20192520954811655,-0.01375229730554589,-0.058132456346442485,-0.15815192891585284,-0.004934646707911092,0.141811023294781,0.10762846416787175,-0.005589585607128397,-0.053184876547967386,-0.15032565632336992,0.0015800163705473047,0.153868728736355,0.08686374411552111,-0.004693368287880292,-0.04305025268407625,-0.1484230599660128,0.01071227354077231,019_a,A,852
610280.0,0.5153450265565525,-0.4974542687106247,0.1195141010715764,-0.1551424732929945,0.861320030931225,0.1195140874514124,2.614714620266611,0.020995287781112704,0.1756180826169189,0.00567930026330879,-0.04729810877868906,-0.17537148578877648,-0.016631912983228997,0.1145625418621203,0.20394712146647875,-0.004783506039827204,-0.06037874053794695,-0.1704034445114342,-0.014956331096149592,0.1756555036934852,0.1857395713746095,-0.012925590618389798,-0.05535522554153105,-0.16209189154618286,-0.004879453403702494,0.143990460826212,0.09780205358794136,-0.0065242591046023035,-0.050919531508869575,-0.1542273174167481,0.0017554141678176038,0.1548628774947139,0.07678361977775505,-0.005912214017529796,-0.04088371094209686,-0.15187704073502317,0.01111276972031,019_a,A,852
610300.0,0.5260648396211371,-0.4927943498173235,0.114476455762854,-0.1531832945259128,0.8564351824539383,0.1144764173038236,2.614714620266611,0.016720993998658507,0.16942756751016586,0.005108416928695195,-0.043230497473300544,-0.17838998710803455,-0.01684458595120851,0.1164019593728843,0.18806560646691095,-0.004621402315879208,-0.05737393862577955,-0.1741844685894729,-0.015101773380395103,0.1760573243913906,0.16679479918678075,-0.011913321315622297,-0.052990424250713875,-0.16530470614798354,-0.004998091793098305,0.14547133032039022,0.08529633914685641,-0.007774057261669298,-0.04894615526506235,-0.15737282866446334,0.001761271209426693,0.15528731772813711,0.06379601877307761,-0.007298351739099804,-0.038915251132204454,-0.15463000662576087,0.011405158129568882,019_a,A,852
610320.0,0.5371131400353282,-0.4886918743197972,0.1110404824246218,-0.1523347638318107,0.8530794163008497,0.1110404269909693,2.614714620266611,0.012846033843570998,0.1625688863338055,0.004488423497365099,-0.0394898774803209,-0.18028681276690195,-0.016997837770081806,0.117978850858773,0.17314486742719826,-0.004203783436129205,-0.055024618082821775,-0.1776431725677332,-0.01544681292545591,0.1753205697430098,0.14906294739105874,-0.010857626349310909,-0.0511438415132055,-0.1678012515145566,-0.005265965215462506,0.1459202416016695,0.0723714820053295,-0.009089358139174109,-0.04731993329513767,-0.15976047002216776,0.0015840630030969916,0.1551193028705134,0.05043184591913108,-0.008533374892961798,-0.03716632825333038,-0.1567332623861195,0.011461405849487391,019_a,A,852
610340.0,0.5483802880239932,-0.4852041358628416,0.1088651686787269,-0.1522328513989307,0.8518103680321861,0.1088651091560956,2.614714620266611,0.009685667292213707,0.15672341593972516,0.00390666870905601,-0.03639507226040284,-0.1813436174257923,-0.0169689963083383,0.11850276661230119,0.16257340240523976,-0.003823308848902293,-0.05316268119179901,-0.18062480837977324,-0.0158885043321451,0.1738249615199071,0.13682407016584863,-0.0100511285725558,-0.04965764974134068,-0.16963434853833093,-0.005595941276066205,0.1453063232689655,0.062195365123055124,-0.010253939844944993,-0.04588665224708022,-0.16140333799162754,0.0012848913479130003,0.1547136759904555,0.040185895993639975,-0.009396258298649998,-0.03546518471697624,-0.1581920745312071,0.011212231121963193,019_a,A,852
610360.0,0.5596366338347245,-0.4822971948605306,0.1079354753399022,-0.1524973166283199,0.852675324554053,0.1079354240281681,2.614714620266611,0.0073803926575099765,0.15365160617641993,0.003589195145234411,-0.03404372505178599,-0.18209594843405252,-0.016809395034846505,0.11747815476544489,0.1588599104455981,-0.0037303176549898925,-0.051554088243002116,-0.18303368961915067,-0.016375190356712005,0.1720179261327308,0.1330686893430022,-0.00966682007541049,-0.048297055921448284,-0.17091240129759244,-0.0059346999128365024,0.1439443292870316,0.05774079452130021,-0.0109974550573258,-0.04447110678414434,-0.1623381338250307,0.0009413573009882936,0.154517048912008,0.03616205452645438,-0.00972522281682349,-0.033698809305470756,-0.15895487444816592,0.010714641925117688,019_a,A,852
610380.0,0.5705615966210812,-0.4799380824271892,0.1086400798015961,-0.1528594636132053,0.8552866964036051,0.1086400440125937,2.614714620266611,0.005827897453664188,0.1545732330538988,0.003836323839307307,-0.03227029971758444,-0.18301354196704805,-0.016776194399230795,0.11535682665763619,0.16287461268134218,-0.0038738708365317898,-0.05001455379739195,-0.1848703515721613,-0.016939450994282,0.1702634824308668,0.1383205823258955,-0.009591902367013197,-0.046911298183622385,-0.17175800230111188,-0.006280216952540094,0.14218957129266288,0.060304446176163706,-0.011026911005315193,-0.04303581728927319,-0.1626599935589606,0.0006230961577471106,0.1545930543937284,0.03952843787817739,-0.009436204751999994,-0.031993738232684366,-0.15899099937773015,0.010153840662703098,019_a,A,852
610400.0,0.5808227978950092,-0.4781047584130955,0.1114377199955951,-0.153165773200411,0.859055632151534,0.1114377013405845,2.614714620266611,0.004689423105728785,0.1595619128933229,0.0047719011106616,-0.03080192784718605,-0.18427610416032936,-0.017140296048885895,0.1131549319936454,0.17346012451577575,-0.003982306175241299,-0.048402609363788485,-0.18621411606356641,-0.017599692211055798,0.1686866880471972,0.150537289963509,-0.009555706719553012,-0.045449713644334366,-0.17229118723753123,-0.006629432649311193,0.1401605806445481,0.06880507641390776,-0.0102062060422803,-0.04165394222911256,-0.1625734034514279,0.0003881373252134085,0.1545110679180532,0.048944205957718756,-0.008590968506829708,-0.030593224457806656,-0.15843922580616265,0.009739708807490907,019_a,A,852
610420.0,0.5901245805267924,-0.4767302430949383,0.1164966112053997,-0.153358997898932,0.863352066683521,0.1164966072747264,2.614714620266611,0.003597589842927712,0.1673781142248536,0.0061912659257121055,-0.029420833218233744,-0.18582948938078925,-0.017887918162950392,0.11149639824532462,0.18764929736274927,-0.00384189992316189,-0.04663107882723039,-0.18711192522134645,-0.0182114752616854,0.1672004602658543,0.16601032424872453,-0.009378866335520195,-0.04388983057721374,-0.17265415568937836,-0.006880794594546102,0.137888159070579,0.08039970373491456,-0.008703411367639802,-0.04036934390125857,-0.16238181917261452,0.0003175376283831022,0.15379923504660942,0.061325569203515506,-0.0074171925881963,-0.029608233760615388,-0.15763758290343244,0.009628547389435999,019_a,A,852
610440.0,0.5981691238295489,-0.4756749021362438,0.1233699781361934,-0.1535244531084885,0.867521869169915,0.1233699841230576,2.614714620266611,0.0024661212744586103,0.1759056118323069,0.007693695515582619,-0.027970835315118903,-0.18755892166954174,-0.01862298353135579,0.1103303054227034,0.20164007572263987,-0.0034133187892160938,-0.04468471564106291,-0.18749313809212037,-0.0184282089500193,0.1658299242322643,0.1806400242154439,-0.009056187773022792,-0.04219273677521451,-0.17301272796765815,-0.006785503470022297,0.1357190688996504,0.09179567646409059,-0.006932937351998597,-0.03913145514848859,-0.16237419621164367,0.0005528402794302001,0.1524822287411749,0.07323025112888515,-0.0062395796958246985,-0.028965614598505773,-0.15691943019352333,0.009944904010392205,019_a,A,852
610460.0,0.6046214465984711,-0.4747774901952764,0.1306815150034063,-0.1539193472643734,0.8708656161366408,0.1306815239857628,2.614714620266611,0.001582158916492299,0.18295444542242878,0.008970462033696197,-0.026330368676017124,-0.18932939350584732,-0.018846639145541896,0.109497653784801,0.21207713343192935,-0.0027382824552623086,-0.04256442535824778,-0.18735557343348175,-0.017886838444494707,0.1649667890668567,0.1909632222390092,-0.0086631263974324,-0.04034825812417253,-0.1735158013605873,-0.006076285111727198,0.1344044676235829,0.10033958100720042,-0.00534429426289959,-0.037888945343254155,-0.1626954860912604,0.0012299712681826114,0.1511367767204111,0.08195906171796363,-0.005359206914786502,-0.028585633687405854,-0.15638409180169477,0.010779990042210502,019_a,A,852
610480.0,0.6091849506944883,-0.4739555172526255,0.136149460912114,-0.1548754694644709,0.8727235370898198,0.1361494636800895,2.614714620266611,0.0013402950806573055,0.18694673425819175,0.0099142242351008,-0.02447102173084581,-0.19096268409938144,-0.018373827059096695,0.1092019499305187,0.2168687734061413,-0.0019197109691746206,-0.040246434519382035,-0.18698455218099452,-0.01650603255318049,0.1651577069292755,0.1947268151592435,-0.008303297360023498,-0.038440306278421654,-0.17422363638732996,-0.004704691107798892,0.1346452762965929,0.10445252694421947,-0.0042851856499519225,-0.03670373276500294,-0.1632925651406505,0.002341363604941915,0.15046743802783438,0.08597406384369366,-0.0049811130800357095,-0.028516658736650546,-0.15589248410376033,0.012103980230497913,019_a,A,852
610500.0,0.6117181135465972,-0.4732766873880718,0.137345903028149,-0.1566354770191031,0.8727497611905808,0.1373458899097701,2.614714620266611,0.0018633879608647985,0.18712801911248023,0.010473407734892415,-0.022465592966158132,-0.19232138488391515,-0.017462526091714697,0.1098255940923091,0.215327877497403,-0.001201300544735301,-0.03775401264028844,-0.18674293760709304,-0.01460588756877751,0.1666481828563427,0.19120337189630665,-0.008128684717014,-0.03661198173150859,-0.17503139390211775,-0.0029320719759970137,0.1365132593599291,0.10349684923152003,-0.004007676481725592,-0.03570889169915781,-0.1639447482477978,0.0036990610359299847,0.150838584879378,0.08473074456607577,-0.005221519753161985,-0.02884804494713933,-0.15524343892463932,0.0137204025471645,019_a,A,852
610520.0,0.6122507764579228,-0.4729258767411368,0.1330290426890447,-0.1592463433882495,0.8712508049252309,0.1330290083888146,2.614714620266611,0.002853939364512087,0.18343067968823534,0.010547356308830497,-0.020389650280567717,-0.19337114434422858,-0.0165604973009901,0.11146072168638571,0.20809608661344836,-0.0008507503121081839,-0.03524074155565138,-0.18662153794792286,-0.012715246919880699,0.1691875175166997,0.18144468915453238,-0.008253376001336896,-0.03496569052108556,-0.17566927619891276,-0.0011787260403808841,0.1392923534946845,0.09755130357994768,-0.0046308559969995,-0.034975645814612544,-0.16436792360292257,0.005036194795217913,0.1520755028604326,0.07842175769954152,-0.006074031345629505,-0.029553415437311714,-0.1543386847430504,0.015336858634977912,019_a,A,852
610540.0,0.610899968312511,-0.4730760084272529,0.1242589861020532,-0.1625399474515651,0.8692664992729767,0.1242589346282245,2.614714620266611,0.003779005106906208,0.1764486610197019,0.010089290946228194,-0.018312997848912715,-0.19404437331268648,-0.015951441514310605,0.11371304333631072,0.1971671306046613,-0.0008760010474933022,-0.03297381778590647,-0.18619593056187306,-0.011248904805487597,0.1721923681640175,0.16830565955755417,-0.008597279451477202,-0.03356294490775247,-0.17584108769341805,0.00020540464830770544,0.1418861730648761,0.08761202727977768,-0.005999629082780802,-0.03449735918435248,-0.16435914064072105,0.006120816331606202,0.153592648321208,0.06814870666839645,-0.007307614449039906,-0.030482295875483345,-0.15324196668031936,0.016677291137548997,019_a,A,852
610560.0,0.6078086004844437,-0.4737606966766248,0.1144284324750535,-0.1661850353113515,0.8681852609547406,0.1144283774609414,2.614714620266611,0.004217448493581022,0.1676855635389135,0.00921522255479,-0.01643698588891007,-0.19411260373969075,-0.015600715176767393,0.11587476378605921,0.18571995422978305,-0.0010141297825152912,-0.03125452478503499,-0.18507208821664234,-0.010326319547461896,0.17497000461843992,0.15586322209410464,-0.008930679557985197,-0.03252943149149701,-0.1754104586746763,0.0010729298356609018,0.14347585047998582,0.07609345687114222,-0.0076584012145645974,-0.034294216300960745,-0.1638949661230198,0.006816338957143703,0.15477437410330572,0.056384237675978666,-0.008482387270056693,-0.03147747130249856,-0.15214455943727412,0.017568767850159095,019_a,A,852
610580.0,0.6031587614038787,-0.4748322408563161,0.1078939785156474,-0.1698371625242671,0.8690687124383111,0.1078939374585612,2.614714620266611,0.004103833366503884,0.15962615723052942,0.008187085464043606,-0.015124913436332377,-0.1933753308735598,-0.015260816559012805,0.11725069164494109,0.17741320559444806,-0.0010632512584674014,-0.030332369523265235,-0.1833122813340498,-0.0098019167482392,0.1768356060185807,0.14820432861946686,-0.0091191511966707,-0.03209198677504177,-0.17451062266158873,0.0014969750518771946,0.14388975767577328,0.06673316218879455,-0.009046283265031999,-0.03447396186459328,-0.1631445270908914,0.0071279641836412,0.1553456038339047,0.04686011563269332,-0.009159241976632995,-0.032493514697458314,-0.15126962416716255,0.018011905920069002,019_a,A,852
610600.0,0.5971787903816576,-0.476041883082781,0.1078693945299237,-0.1733569988719835,0.8721516117295415,0.1078693806961814,2.614714620266611,0.0036857042039087073,0.15506997136516676,0.0073639726520078885,-0.014692842082267066,-0.19199406995893092,-0.0147135223076197,0.1174438596992814,0.17526201203398484,-0.00111032622932411,-0.030333846524785324,-0.18144827026036042,-0.009418688907290002,0.177228593139804,0.14808118408988358,-0.009264032397974103,-0.0324813193416722,-0.17349724276470552,0.001709380330072105,0.14338428209326298,0.06324831244991769,-0.009750669400218404,-0.03519958998624839,-0.1623769512864151,0.007219213440805311,0.1553545300998549,0.04325833670356849,-0.009129737604828506,-0.03366585876269568,-0.15070784620189853,0.01820603012450281,019_a,A,852
610620.0,0.5900789183591126,-0.4772274310389111,0.1148796100341912,-0.1769497949823551,0.8768300132950174,0.1148796275464434,2.614714620266611,0.0032500956437928052,0.15590889170125,0.007122557237243296,-0.015191609316735244,-0.19048122776889098,-0.013967008962845903,0.1164500470158987,0.18057129016122186,-0.001411838945455407,-0.03125679287547534,-0.18009729303351163,-0.0089948523076019,0.17587401566835742,0.1560762842234148,-0.009603802968427902,-0.03381772894768409,-0.17271071718136266,0.001954498764839399,0.14215009856138391,0.0674624528126756,-0.009656463011338698,-0.03662575599766682,-0.16175508797903504,0.0073178832624275075,0.15480124375725682,0.04737547694092181,-0.008487132357480609,-0.035266008046444086,-0.150267131470585,0.018440135519060596,019_a,A,852
610640.0,0.5819781819505871,-0.4784875356109959,0.1267918052940769,-0.1810855678204327,0.8820221902369533,0.1267918499150924,2.614714620266611,0.002872620711249302,0.16226860693173129,0.007637061243498111,-0.016435754209235598,-0.18926931627995325,-0.01326846215843841,0.11448532446519699,0.1924633972980373,-0.0021857800538001015,-0.0330261106491202,-0.17946974108761937,-0.008541963156860108,0.17287015440657388,0.1706271738239563,-0.010353419183643908,-0.03605542114656446,-0.1721668542950252,0.00231735833039029,0.1401168555394341,0.07844883316991513,-0.008965769573587398,-0.038803908979016644,-0.16113995226040734,0.0075488960556295,0.1534495616519998,0.05824888584487131,-0.0075252294613007,-0.037486660116668125,-0.14951890060510076,0.018881119086882697,019_a,A,852
610660.0,0.5729443358238673,-0.4801535673215722,0.1403638519737656,-0.1862206833628784,0.8865815552890067,0.1403639158599166,2.614714620266611,0.0024054812044032037,0.17262097581046965,0.00864796387077521,-0.018248849012738155,-0.1883347558774804,-0.012931237674424806,0.1117447622596819,0.2083485203336607,-0.0035508349877481915,-0.03554466478835505,-0.17918625186415893,-0.008237513352697096,0.1686634116404338,0.18880572827115405,-0.011634990411986595,-0.0389846067627988,-0.17150083621226475,0.002650254475881686,0.1372017936872175,0.09330542147535326,-0.00809072228231919,-0.04158329502083025,-0.1601737174493496,0.007834060904010093,0.15111558214413467,0.07290010179853845,-0.0065646409782395,-0.04021516526731528,-0.14813808718077004,0.019423564079085104,019_a,A,852
610680.0,0.563127179836417,-0.4825255353002151,0.1530605218959218,-0.1925092802237765,0.8895740176691324,0.1530605985021459,2.614714620266611,0.0016587994531647998,0.18458431435639888,0.009534563016116993,-0.020636300665647034,-0.18727709303113255,-0.013088542709677492,0.10844043586331151,0.22512737694430662,-0.005516628006505514,-0.03870303101907013,-0.17863462564731686,-0.008266371820600887,0.1640035572456327,0.20738709092149732,-0.013443142055569401,-0.04230537687526159,-0.17031695446295508,0.00268506554712461,0.1336594276992042,0.1086597981860844,-0.007441414209871711,-0.04463541809257199,-0.1586559152947365,0.007952259450299815,0.14804894393357332,0.08787946471602226,-0.005840040685127806,-0.04305947981890257,-0.14626255832059748,0.019745232921487305,019_a,A,852
610700.0,0.5527975350353446,-0.4855975009035438,0.1636936752735786,-0.1997260408476048,0.8903774015477325,0.1636937612942319,2.614714620266611,0.0005454973256561191,0.1958407733539097,0.009752998500344001,-0.023641322316048208,-0.18574541011186296,-0.013515394132399494,0.10509060479121261,0.2403512462807812,-0.007889537285441617,-0.04236073207029556,-0.17754230679432403,-0.00861609102865818,0.159881473032941,0.22370574350951744,-0.015570496944681517,-0.045749010945877244,-0.16859497071844443,0.0022969735987021234,0.13015512750553052,0.12178303234869714,-0.007213003594068124,-0.0476385486805696,-0.15678508534804747,0.007742403823717908,0.1449359445165182,0.1004769593589151,-0.005485438023691419,-0.045641661576087955,-0.1444100678301905,0.019566125791441402,019_a,A,852
610720.0,0.5421939200239099,-0.4890322610901889,0.1718038837270384,-0.2074819037282682,0.8886137972779794,0.1718039774388881,2.614714620266611,-0.0008941874825960094,0.2048384304267673,0.009302011062017418,-0.02705781160140963,-0.18376474100386547,-0.013695622746871194,0.10264290166914189,0.25266507938580063,-0.010189571533414599,-0.04630215634678647,-0.17613716187773548,-0.008997719814100191,0.1573576762346095,0.23604312812950068,-0.017576191277978992,-0.04912433738104638,-0.16668650724479278,0.001700506937383106,0.1275272449884816,0.13104645925547553,-0.007305148970230296,-0.050425308823990767,-0.15494323685094186,0.007296228475004801,0.1425814447164176,0.10921809860457699,-0.005531989435690499,-0.04784182742389237,-0.14295803941011803,0.0189211947615181,019_a,A,852
610740.0,0.5313583287508601,-0.4923975556917486,0.1770267474570663,-0.215581712832109,0.8840130969444305,0.177026845626349,2.614714620266611,-0.00244344263330451,0.2110496404051846,0.008779875659571723,-0.030410141215287734,-0.18165597522764632,-0.013189629443303402,0.1022219963217318,0.26155336182375255,-0.011773308559375889,-0.05018786216000459,-0.174733223493869,-0.009046241661808924,0.1573164884311843,0.24357312672795628,-0.018927616024485894,-0.05223466555675399,-0.16494728730418595,0.001318547866111991,0.1265140808729066,0.13594584907603158,-0.007433330138021693,-0.05291986202681037,-0.15333147834696037,0.006916315654032779,0.14163377011566108,0.11379692027175392,-0.005890313548437193,-0.04973721744604259,-0.14183272705349204,0.0181568066242426,019_a,A,852
610760.0,0.5202012409885002,-0.4954443132713548,0.1792383638424151,-0.2242529872048623,0.8763438586286645,0.1792384602767691,2.614714620266611,-0.003614728675952583,0.21470649272859355,0.008926295878111612,-0.03327046265333816,-0.1796872108487429,-0.012015479482070102,0.10472539627688982,0.266951251361053,-0.012157877906240594,-0.05357834665882577,-0.17330587849608975,-0.008652044534764897,0.16031022314140803,0.2460983391323046,-0.01926848186307009,-0.054818275016761286,-0.16345377776335474,0.0013962975547323064,0.1276566536745953,0.13681906852831327,-0.007348731575998496,-0.055004012852581885,-0.15191844184837194,0.006826954090331905,0.14252215497280263,0.1146476512729615,-0.0064013185704513975,-0.05137666342275948,-0.140790258559306,0.017604823815240006,019_a,A,852
610780.0,0.5087556606714033,-0.4982115903827135,0.1789850892081263,-0.2340931784290793,0.8654212867617999,0.1789851761859667,2.614714620266611,-0.003738248467998584,0.21634749818609378,0.010047273645527682,-0.03555368941822662,-0.1778654139419969,-0.010641308502003316,0.11052162324576992,0.26920612355311957,-0.01128801832685511,-0.056098482172697306,-0.17159681975473223,-0.008041245327032709,0.16654440367511353,0.24393180234262912,-0.018590942710374314,-0.056672284782640636,-0.16205402043906686,0.0017934247773324918,0.1312840678769681,0.13440344586587138,-0.0069849063292543034,-0.05656093635256143,-0.15063275675589344,0.006965329027793982,0.14549776123311,0.11243457341155338,-0.006956371577787807,-0.052718770353539335,-0.13980416594266526,0.017308339290651092,019_a,A,852
